
# cali((data-140)/A)   单位kg  精度大幅度下降，可能与符号变化有关
              precision    recall  f1-score   support

         0.0       1.00      0.99      0.99       603
         1.0       1.00      1.00      1.00       467
         2.0       0.99      1.00      1.00       702
         3.0       1.00      1.00      1.00       342
         6.0       1.00      1.00      1.00       276

    accuracy                           1.00      2390
   macro avg       1.00      1.00      1.00      2390
weighted avg       1.00      1.00      1.00      2390

[[597   2   4   0   0]
 [  0 467   0   0   0]
 [  1   0 700   0   1]
 [  0   0   1 341   0]
 [  0   0   0   0 276]]
10次交叉验证：

10次交叉验证的精确度 [0.63454318 0.99374218 0.94736842 0.88065327 0.95728643 0.95351759
 0.96733668 0.97864322 0.99874214 0.86649874]
10次交叉验证的精确度平均值 0.9178331842597085
10次交叉验证的精确度方差 0.10316489455851927


# cali((data-140)/A*1000) 单位g        精度不变

# 原始采集数据-140                     精度不变

# 原始采集数据-50                      精度大大提高

              precision    recall  f1-score   support

         0.0       1.00      1.00      1.00       603
         1.0       1.00      1.00      1.00       467
         2.0       1.00      1.00      1.00       702
         3.0       1.00      1.00      1.00       342
         6.0       1.00      1.00      1.00       276

    accuracy                           1.00      2390
   macro avg       1.00      1.00      1.00      2390
weighted avg       1.00      1.00      1.00      2390

[[603   0   0   0   0]
 [  0 467   0   0   0]
 [  0   0 702   0   0]
 [  0   0   0 342   0]
 [  0   0   0   0 276]]
10次交叉验证：

10次交叉验证的精确度 [0.87734668 0.99749687 0.96616541 0.99874372 0.99623116 1.
 1.         1.         1.         1.        ]
10次交叉验证的精确度平均值 0.9835983842348748
10次交叉验证的精确度方差 0.03677027796001472


# 原始采集数据-250
              precision    recall  f1-score   support

         0.0       0.99      0.99      0.99       603
         1.0       0.98      1.00      0.99       467
         2.0       0.99      0.97      0.98       702
         3.0       0.99      0.99      0.99       342
         6.0       0.99      1.00      1.00       276

    accuracy                           0.99      2390
   macro avg       0.99      0.99      0.99      2390
weighted avg       0.99      0.99      0.99      2390

[[596   0   7   0   0]
 [  0 466   1   0   0]
 [  5  10 684   2   1]
 [  1   0   2 338   1]
 [  0   0   0   0 276]]
10次交叉验证：

10次交叉验证的精确度 [0.79724656 0.93116395 0.97243108 0.93592965 0.95226131 0.99120603
 0.93844221 0.94723618 0.9672956  0.99622166]
10次交叉验证的精确度平均值 0.9429434227672877
10次交叉验证的精确度方差 0.05307677192663546

# 原始采集数据
              precision    recall  f1-score   support

         0.0       1.00      1.00      1.00       590
         1.0       1.00      1.00      1.00       477
         2.0       1.00      1.00      1.00       691
         3.0       1.00      1.00      1.00       276
         6.0       1.00      1.00      1.00       276

    accuracy                           1.00      2310
   macro avg       1.00      1.00      1.00      2310
weighted avg       1.00      1.00      1.00      2310

[[590   0   0   0   0]
 [  0 477   0   0   0]
 [  0   0 691   0   0]
 [  0   0   0 276   0]
 [  0   0   0   0 276]]
10次交叉验证：

10次交叉验证的精确度 [0.83570505 1.         0.96891192 0.99480519 0.99479844 1.
 1.         1.         1.         1.        ]
10次交叉验证的精确度平均值 0.9794220596713638
10次交叉验证的精确度方差 0.048763538628958644



# 原始采集数据
              precision    recall  f1-score   support

         0.0       1.00      0.99      0.99       590
         1.0       1.00      1.00      1.00       477
         2.0       1.00      1.00      1.00       691
         3.0       1.00      1.00      1.00       276
         6.0       1.00      1.00      1.00       276

    accuracy                           1.00      2310
   macro avg       1.00      1.00      1.00      2310
weighted avg       1.00      1.00      1.00      2310

[[585   2   3   0   0]
 [  0 477   0   0   0]
 [  2   0 689   0   0]
 [  0   0   0 276   0]
 [  0   0   0   0 276]]
10次交叉验证：

10次交叉验证的精确度 [0.77231565 0.99870634 0.97020725 0.85324675 0.94018205 0.98569571
 0.96749025 0.98049415 0.99609375 0.8828125 ]
10次交叉验证的精确度平均值 0.9347244408018393
10次交叉验证的精确度方差 0.07115146009145311



# 原始采集数据不减去140，精度变化不大
              precision    recall  f1-score   support

         0.0       1.00      1.00      1.00       590
         1.0       1.00      1.00      1.00       477
         2.0       1.00      1.00      1.00       691
         3.0       1.00      1.00      1.00       276
         6.0       1.00      1.00      1.00       276

    accuracy                           1.00      2310
   macro avg       1.00      1.00      1.00      2310
weighted avg       1.00      1.00      1.00      2310

[[590   0   0   0   0]
 [  0 477   0   0   0]
 [  0   0 691   0   0]
 [  0   0   0 276   0]
 [  0   0   0   0 276]]
10次交叉验证：

10次交叉验证的精确度 [0.83570505 1.         0.97020725 0.99480519 0.99869961 1.
 1.         1.         1.         1.        ]
10次交叉验证的精确度平均值 0.9799417103852306
10次交叉验证的精确度方差 0.04887306728745441



# 原始采集数据减去140，除以A，但是加上abs()函数，精度上升
              precision    recall  f1-score   support

         0.0       1.00      1.00      1.00       590
         1.0       1.00      1.00      1.00       477
         2.0       1.00      1.00      1.00       691
         3.0       1.00      1.00      1.00       276
         6.0       1.00      1.00      1.00       276

    accuracy                           1.00      2310
   macro avg       1.00      1.00      1.00      2310
weighted avg       1.00      1.00      1.00      2310

[[590   0   0   0   0]
 [  0 477   0   0   0]
 [  0   0 691   0   0]
 [  0   0   0 276   0]
 [  0   0   0   0 276]]
10次交叉验证：

10次交叉验证的精确度 [0.95730918 0.98965071 1.         1.         1.         1.
 1.         1.         1.         1.        ]
10次交叉验证的精确度平均值 0.9946959896507115


## 多种算法的实现 原始信号
随机分类(不按group)test和train set

pipe_svm1 :9849713303926354     8
pipe_svm2 :9822175760972737     3
pipe_svm3 :9049617844965872     19
pipe_svm4 :8178478848042428     109
pipe_svm5 :9367340709179505     41
pipe_tree1 :864-869680552956    2
pipe_tree2 :9567785566428778    2
pipe_lda :9825909923581604      1
pipe_knn1 :9469132391768348     117
pipe_knn2 :9469132391768348     193
pipe_NN2 :969-983595544606      3

## 多种算法的实现 (原始信号-140)/A
随机分类(不按group)test和train set

 pipe_svm1 : 9198619890843436   11
 pipe_svm2 : 9178331842597085   4
 pipe_svm5 :42766003437705064   349
 pipe_tree1 :8977592466025328   3
 pipe_tree2 :87495034198919     3
 pipe_lda :9055597435299287     1
 pipe_knn1 :8892425372763334    112
 pipe_knn2 :8892425372763334    115
 pipe_NN2 :8999231040826935     4
 